EUCLIDEAN
10
1.204 3.987
2.761 9.476
4.234 6.731
7.645 2.397
5.869 8.124
3.521 7.651
6.183 4.932
9.475 5.321
8.211 1.287
4.782 6.401
0.0 4.673 5.893 7.258 9.054 3.298 7.123 8.432 9.631 5.412
4.673 0.0 3.417 6.124 2.975 1.872 5.387 7.318 8.542 3.876
5.893 3.417 0.0 4.298 5.829 2.156 6.523 8.147 9.028 4.124
7.258 6.124 4.298 0.0 7.832 3.415 5.927 9.281 7.593 5.674
9.054 2.975 5.829 7.832 0.0 4.182 3.472 8.983 9.583 2.942
3.298 1.872 2.156 3.415 4.182 0.0 4.639 7.482 8.129 2.563
7.123 5.387 6.523 5.927 3.472 4.639 0.0 6.297 7.893 4.856
8.432 7.318 8.147 9.281 8.983 7.482 6.297 0.0 4.293 8.172
9.631 8.542 9.028 7.593 9.583 8.129 7.893 4.293 0.0 7.563
5.412 3.876 4.124 5.674 2.942 2.563 4.856 8.172 7.563 0.0
